1 1 1 1 342453543
1 1 1 2 876746545
1 1 1 4 434534533
1 1 1 5 643453453
1 1 2 1 434534554
1 1 2 2 547658766
1 1 2 3 345656466
1 1 3 1 643564356
1 1 3 2 876876666
1 1 3 3 345345343
1 1 3 4 654353544
1 1 3 5 435434534
1 1 4 1 654654564
1 1 4 2 564654564
1 1 4 3 563653456
1 2 1 1 134243243
1 2 1 2 656545645
1 2 1 3 465476575
1 2 1 4 342453453
1 2 1 5 654654564
1 2 2 1 465346545
1 2 2 2 465465456
1 2 2 3 134564546
1 2 3 1 876755555
1 2 3 2 654654546
1 2 3 3 656543564
1 2 3 4 432342432
1 2 3 5 654543465
1 2 4 1 765765765
1 2 4 4 476576568
1 2 4 5 765765675
2 1 2 3 343453453
2 1 2 4 546465456
2 1 2 5 654654654
2 1 3 1 643564356
2 1 3 2 876876666
2 1 3 3 345345343
2 1 3 4 657657644
2 1 3 5 435434534
2 1 4 1 654654564
2 1 4 2 564654564
2 1 4 5 565465464
2 2 1 1 456465243
2 2 1 2 656545645
2 2 1 3 465476575
2 2 1 4 342453453
2 2 1 5 654654564
2 2 2 1 434654565
2 2 2 2 465465456
2 2 2 3 134564546
2 2 2 4 432432347
2 2 2 5 768768768
2 2 3 3 656543564
2 2 3 4 432342432
2 2 3 5 654543465
3 1 1 1 342453543
3 1 1 2 143246545
3 1 1 3 455334322
3 1 1 4 434534533
3 1 2 2 547658766
3 1 2 3 343453453
3 1 2 4 546465456
3 1 2 5 164654654
3 1 3 1 643564356
3 1 3 2 143212436
3 1 3 3 345345343
3 1 3 4 143214324
3 1 3 5 435434534
3 1 4 1 143214364
3 1 4 1 143214364
3 1 4 1 543214364
3 1 4 1 443214364
3 1 4 1 343214364
3 1 4 1 243214364
3 1 4 4 145674564
3 1 4 5 565465464
3 2 1 1 456465243
3 2 1 2 123414345
3 2 1 3 465476575
3 2 1 4 342453453
3 2 1 5 143654564
3 2 2 1 434654565
3 2 2 2 465465456
3 2 2 3 134564546
3 2 2 4 432432347
3 2 2 4 432432347
3 2 2 4 532432347
3 2 2 4 332432347
3 2 2 4 232432347
3 2 2 4 132432347
3 2 2 5 154654768
3 2 3 1 123123415
3 2 3 2 134534546
3 2 3 3 146776564
3 2 3 4 432342432
3 2 4 4 476576568
3 2 4 5 165675675
3 2 4 5 164675675
3 2 4 5 163675675

